"V1","V2","V3","V4","V5","V6","V7","V8","V9","V10","V11","V12","V13","V14","V15","V16","V17","V18","V19","V20","V21","V22","V23","V24","V25","V26","V27","V28","V29","V30","V31","V32","V33","V34","V35","V36","V37","V38","V39","V40","V41","V42","V43","V44","V45","V46","V47","V48","V49","V50","V51","V52","V53","V54","V55","V56","V57","V58","V59","V60","V61","V62","V63","V64","V65","V66","V67","V68","V69","V70","V71","V72","V73","V74","V75","V76","V77","V78","V79","V80","V81","V82","V83","V84","V85","V86","V87","V88","V89","V90","V91","V92","V93","V94","V95","V96","V97","V98","V99","V100"
1,-0.0906360559260269,-0.0969852179117972,0.00955488034734181,0.0865805677303002,0.117028314265703,0.193328180442651,-0.0695459362592772,0.0348138804696213,-0.00476748002260324,0.133518988108311,0.129347292352403,-0.106272696693078,0.0377168564842124,-0.0548469571250513,0.110882488716924,-0.129679099843926,-0.0894610512022166,-0.0351466066328919,-0.0101384985113089,-0.0211806385268722,-0.0832468618617548,-0.0768798327074963,0.0140358886484764,-0.0471729089158009,0.0576519619049157,-0.0864917228192343,0.112390004996249,-0.147020518800887,-0.0427583488949811,0.00815686618576453,-0.0912796209670774,0.0380776123101808,-0.0130704475032541,-0.138760508293354,-0.0417325667955373,0.00415323775361337,0.00496878855907904,-0.0436314540640206,-0.0355982591725909,-0.0729243290115266,0.00762366366211774,0.0866630772022154,-0.0505099243272775,0.193725443910701,0.0813117801248397,-0.0255176122348571,-0.00784874219955444,-0.21794952194936,-0.0163267507457047,-0.142520216954401,-0.0349497424885126,-0.0656123501727644,-0.00760498963198748,0.0210796810069862,0.215289127099912,-0.080546057474707,0.104080632545052,-0.108973195981677,0.00862965048371584,0.000653422481122291,0.0669720948082113,-0.0307555044743073,-0.133718255441829,-0.00307127106596816,-0.114532756701136,-0.0181147448786596,0.0305431794469549,0.148549637675635,-0.00156816163592162,0.0629727731320099,0.0905894310410293,0.00937651224393725,0.0899914870248588,0.100148784519505,0.0406830459551416,0.0381591633847494,-0.00348586316727937,0.120482933087612,-0.238855982065545,0.0265048672195787,-0.161801804436355,0.0715692470164678,-0.0496604654796277,-0.0645481741157912,0.0576675662821372,-0.201028559266592,-0.0383913235327191,0.115918203514068,0.18835268100563,0.085037447759826,-0.128292518534439,0.135778007785468,0.00375766069460783,0.0589110867183086,0.167834156580441,-0.0341563686791369,-0.0559146542073793,0.145092430825339,0.0954038299134284
-0.0906360559260269,1,-0.0322353059335718,0.0915194794223738,0.0162193821496627,0.0592909848716371,-0.0190314484755318,0.141819311755743,-0.066346273390273,0.138781016957584,0.00695295366557118,-0.194867129237152,-0.0269403146553839,0.00382371956349177,-0.160105915392483,-0.148518466992057,0.015523582319486,-0.0112985295586236,0.0853001563488287,-0.0177044244063656,-0.0648404652406399,-0.0352144408362864,-0.167381773827493,-0.0404114126893487,0.240876740041053,-0.00380086209209335,0.00581037600340225,0.0120387853905617,0.00702030679989177,0.0777857464293033,0.122844404483616,-0.0379352816210313,0.0955909731700594,0.209370109170364,-0.0708385166608082,0.112010454223526,0.0214497257714964,0.145935497908015,-0.0337136367893636,-0.00760964324496966,0.0984045641579795,0.150155907928633,-0.0165604933043211,-0.0440254842251127,-0.0109660404151933,0.010082112631848,-0.11556014884504,-0.110785279851025,0.0509114251319392,-0.0159823060245811,0.16473395301224,0.108088722994252,-0.125890797051507,-0.126195636745548,0.280894282747858,-0.0774326775284997,-0.0800310840358352,-0.122570698971417,0.0918379968654874,0.19266681481326,-0.142485863801165,0.231145583731314,-0.16234155771716,-0.0261989187467406,0.0675543316925821,-0.132803503780027,-0.0139649004589495,-0.0287447551066766,0.0332872284038188,-0.247339792958548,-0.247022258474,-0.0194264308409075,-0.0604378573196075,0.0478242098384889,-0.00557437437061614,-0.0289731240623002,-0.101621668057959,0.172801679359282,-0.0265338921288856,0.0425510045227315,0.0511607270342016,0.0862419290681741,0.0655402766853755,-0.0171387901807347,-0.0604306966172951,-0.0274367477776959,0.139320324520852,0.257145567898397,-0.0818577621233221,0.0794618850642681,0.0167849641798538,-0.138654767434672,0.00791036923019857,0.0393691352745977,-0.0379652253391142,-0.197238229515661,-0.222236473427271,-0.0516688740825436,-0.095016767473577,-0.0314471966095314
-0.0969852179117972,-0.0322353059335718,1,-0.090273688024839,-0.0796871753063983,-0.0189264588365526,0.0669521134225315,-0.0813925523501356,-0.0142840313607394,0.0433601087631915,-0.0477852081772552,0.0692699973336572,0.0974604638073831,0.0432262803761551,0.127901601020227,0.00374434247987923,-0.257869293908301,0.0368760754480165,-0.01282421977728,-0.0456308724305643,0.102207519487571,0.109374614660536,0.0510805831425874,-0.026160312337254,0.00939171270729661,-0.0550010822259356,0.0889718345987397,-0.0197555183420781,0.0077777632018696,0.063656597891569,-0.148951057288589,-0.0612693776020508,-0.182157778274386,-0.0463900804034356,0.0556050287819712,0.127589765867771,-0.105076843780703,-0.0280303801980853,0.0377364817106246,-0.0779292993310137,0.0289476208923751,0.0274737563086574,-0.0166295254220419,0.0115021372946458,0.189274605214395,0.0546078329996866,-0.0865554753259794,-0.103950526115114,0.188437191065099,-0.0263331143708916,-0.220498239477498,-0.0219291269436052,-0.167990926793742,-0.0298628568715517,-0.0516597546139484,-0.0809952775820038,0.0383020715996057,0.0258098474314122,0.0175061953198831,-0.0787007514846523,0.165774231303486,0.0167074222709299,0.026893166500461,-0.0611604555010231,0.2241633955606,-0.0970351174010643,0.0184588582216835,-0.0377721992035306,0.0448509651336118,-0.02274564282123,0.0751545696542282,-0.0253973366119802,0.000361966809911885,-0.0740489959635912,0.0321167732229187,0.0915690166495938,-0.153680784178274,0.153327419670435,-0.0577911372309727,0.0203213998016438,-0.18617889640464,0.0256182428630198,0.0241933483755988,-0.0921850547534513,-0.114601626460132,0.175710821055925,0.0876370298843898,0.0341063924741827,0.0594042670729772,-0.0388341489989578,-0.0486694092923727,-0.134611151803834,-0.178278410789686,0.0717623206586568,0.0110245031172289,-0.0745905781329648,0.0623859705548987,0.0398931760316924,0.112624477503213,-0.158379929951136
0.00955488034734181,0.0915194794223738,-0.090273688024839,1,0.00665095211464675,-0.0819426436619027,0.0982977349316223,-0.0493929389501292,-0.0488149834267497,0.041361545102726,-0.0780717355410121,-0.140688261165575,0.0632042819767233,0.0272199063269528,0.065996354305662,0.0294388446102117,0.11743203582273,-0.121322999247754,-0.279120429308877,0.171026355625984,0.0330265179571064,-0.0109957598999512,0.00746441729166163,-0.0591270402767888,0.0616271081297529,0.0601420509321679,0.0828423739311517,0.00451264340983,0.00799272056799848,-0.122899455897675,-0.0212898668731893,-0.132150015209471,0.0927090904470498,-0.0739807779462003,-0.0299341283948318,0.117558239361164,-0.219925207627074,-0.0176020372686124,-0.014638305306826,0.0049214301145778,0.187634903314729,0.00488814790647307,-0.275847645245437,-0.0614708722728214,-0.0871030709396009,0.211940695057405,-0.120035273896753,0.124968568112397,-0.0204683303541048,0.0354807939290578,0.190771003886982,-0.117712535075639,-0.0363088424486803,0.0469901092476191,0.1035751434475,0.079050537346651,-0.151574249319853,0.030564684625867,-0.0249293286271561,0.0111031659961835,-0.0316143344428978,-0.0671303857250155,0.036851784150158,0.172293321601792,0.0204209338109567,-0.03290726520637,-0.0914687929642117,0.00954090291369221,0.0441007478869958,-0.165279161904324,0.18087693457334,-0.0493306441169484,-0.053666858708856,0.178393288816022,0.0634901484540421,0.00252322427989869,-0.0849207639719729,0.0445333443198832,-0.17549875078949,0.0050772278704413,0.0710139912671093,-0.0375344302004609,0.0550287063331684,-0.104288665482354,0.0636026771989635,0.105225276456083,-0.0161850791463255,-0.0692741363982741,-0.155825627271972,-0.0838626465054034,-0.219782882467775,-0.0863228512487996,0.11581506699371,0.0746653391126643,-0.0441584865508349,0.0217720499518829,-0.0839249410071537,-0.188553774234058,-0.0358054684863459,0.113622577183039
0.0865805677303002,0.0162193821496627,-0.0796871753063983,0.00665095211464675,1,0.0631225107719079,-0.0437453079132542,-0.0866610181026707,-0.00632886660814027,-0.0393269613597971,0.0569879200625873,0.0517146980141679,0.0885154513228942,-0.140634013119305,-0.0830670077859389,-0.0848819618895525,0.0551188882289156,-0.0127609243563203,0.0648073461376618,-0.0501643013105721,-0.0205324590333954,0.0934972737860348,-0.101470996115702,0.1393824057893,0.0979027097944659,-0.0230606779494471,-0.0878226706411917,-0.0818699057091263,0.0482803059553285,-0.0767991277265519,-0.108459215075772,0.0536666957019357,0.162572893336166,0.0105568990767088,0.0282279460279221,-0.0635395876266182,0.11417954901549,-0.127027687828881,0.0768815411286766,-0.0556355173027598,-0.0413866285409228,-0.0701839383032986,0.0688082576796633,0.00951355316460372,0.0128964587544242,0.0486884078297462,-0.0156320748390752,0.0822148178729285,0.0364142293913025,-0.0219574171822592,0.0986592946535698,0.103145232183946,-0.0668676165961361,-0.148197912664301,0.0484240585069694,-0.0215959487654221,0.0848994412916909,0.0915403122709409,-0.00788981202460191,-0.214469083492086,0.0344049037175406,0.0502449277351471,-0.121613823203453,0.112397425127243,0.0205078655409022,-0.197935641801743,-0.0175608416613174,0.0533199803395015,-0.103921186638586,-0.0420223906856364,-0.0179974556094308,-0.122643857438381,-0.20774332570787,-0.00253029261894752,0.134619479725965,-0.0287536263594948,0.0848224543423844,0.0149709569800931,0.0129070166423102,0.0602680066532932,0.101666514173111,-0.134883943237059,0.0298272839421901,-0.0727270205817021,0.117584188074154,-0.00955660741705755,0.0225560250194444,-0.0833006876742792,-0.211672054965694,0.0974317397646955,-0.163291351957073,0.0570908007083838,0.210299604122387,-0.161895099014798,-0.114106738347084,0.0996420280137106,0.0516832974821224,-0.055205063828793,-0.00808088871136179,0.0360116531735863
0.117028314265703,0.0592909848716371,-0.0189264588365526,-0.0819426436619027,0.0631225107719079,1,0.13153395910607,0.0104758351809785,-0.168431055002221,0.049825947293093,0.0256513810672567,0.0322403512374972,-0.193045638696489,-0.0102989484817012,-0.258247558968868,0.0133028930760963,-0.00406281142797263,0.185312007078795,-0.0706561457520635,-0.122744473482769,0.00666952089168915,-0.0577016813431997,0.0786052623489567,-0.00450237794870754,0.0503362919031951,0.0912871829803348,-0.0445499064346675,0.22344619390643,-0.130660432089494,0.107299259492657,0.000151578502582688,0.0944697275598369,0.121091719661166,0.0155761787284024,0.105586088790772,0.0175611559311882,0.145815796168182,-0.00705331750435669,0.0707193771535929,0.175187407915063,0.00341221269299869,0.00355301118194207,-0.017524289524765,0.137115961422134,-0.152413172904791,-0.00475413746932553,-0.0407020551143117,-0.21132263294775,0.0905271313580092,0.0674856627952631,-0.0142281098855607,0.107342468354532,-0.343415906126518,-0.0923748970106896,-0.164183681919832,-0.00868674076746617,-0.00436654439690899,0.0602846842216476,0.0738626340465152,-0.0304933577048644,-0.0379986488906542,0.196575023216637,-0.129177242006496,-0.108254882120624,-0.0778540541343248,0.0710066204433822,0.170676760410252,-0.271663030939792,0.0965744838175488,-0.0123723912148198,-0.0235981304501141,-0.245501674631937,0.120670354127558,-0.0286403604150956,0.138073574227784,-0.110283273667145,-0.110509542405577,-0.00859342367299328,-0.117639140885563,0.121296331347013,0.0645111588760988,-0.00683239882094493,0.0686436681886945,0.0280452854406412,-0.0352930816275158,0.112933308923317,0.0330605334136837,0.315726318199871,-0.0833240236454498,0.0124716235188345,0.17765850323764,-0.0259730430992446,0.0469521887313484,0.0974609894600609,-0.0218074816237438,-0.191955365097966,0.0201276696263051,0.071699015727329,0.0315882654382523,-0.0707241350179605
0.193328180442651,-0.0190314484755318,0.0669521134225315,0.0982977349316223,-0.0437453079132542,0.13153395910607,1,0.0204968248058867,0.0151753932924236,0.00873826317880637,0.107596263094643,0.0470185469098005,-0.0950771188953515,-0.0938854945543643,0.0895331738457674,-0.0955860098872289,-0.113352247783268,0.0777669587308265,-0.0225428473837363,0.00642564221253929,-0.0315632641666548,-0.0514202147056196,0.146799183546272,-0.096373520530415,-0.150787370772474,0.0366237563467066,0.037636528058447,0.0786855586379638,-0.0440150084924198,-0.0334890498292954,-0.1019115670404,0.157426775196686,0.104096803663166,-0.0834480210465411,-0.0881311828899435,0.170881566166966,0.00504564801931986,-0.0821364065728205,-0.109197583647506,0.144521421834918,-0.11697131016249,-0.0664108761418736,0.0189669963976629,0.0188217767647722,0.0489315215649339,0.124759560869252,-0.0998782805173297,-0.180432654568957,0.0925546770076296,-0.209544536779922,-0.127133213289288,-0.0429075930677936,-0.125100760865337,0.0592186825996114,-0.0679951839237806,-0.0394647905666596,0.000557208633843637,0.15894110434025,-0.0169806292658374,0.00536275119770506,-0.0240636684493512,-0.0138908563173597,0.0249815695227076,0.00422905883513737,-0.0927563687771047,-0.0908355671368925,-0.00363935121571427,-0.113123471094917,-0.0225128627120872,-0.011514489205207,0.160445152926523,0.0376522768977191,-0.0876626141358315,0.0565110089960056,0.0980255289872758,0.0806913012292765,0.0923571540359827,0.156697465612244,-0.18020951376665,0.0578237137787238,0.00785302336616471,0.0311309848844793,0.116488908336203,-0.0427876307167609,-0.0193460783224716,0.100412824849471,0.00898900254859575,-0.0262837706602252,0.120717399233701,-0.0800945854910239,0.141394777206264,-0.111271625138523,0.0568525880303402,0.0112055188040585,0.0773786202924693,0.270779163789445,0.0693811286850356,0.0247461031985038,0.0357707403889122,0.128884055327216
-0.0695459362592772,0.141819311755743,-0.0813925523501356,-0.0493929389501292,-0.0866610181026707,0.0104758351809785,0.0204968248058867,1,0.0428143584914326,0.112756877888012,0.137851315783663,-0.328595247490085,0.085916009775198,0.0409060529864568,-0.0591315418272742,0.0560570348982117,-0.14818055992957,0.089033668094709,0.0528250644754451,0.0848910341680474,-0.0405787244782167,0.0163568520871372,-0.0175764622882382,0.0610234370952709,-0.0149558837665443,0.0212469479143676,0.00771863894355982,-0.0408098931952143,0.0843381195820344,0.141934317105123,0.0970222315265022,-0.151279100910384,0.115269968605288,-0.0637262857631558,-0.0621978019386795,0.0650392495888168,0.0833270714353395,-0.122060565187282,-0.0516574686830926,0.101886315036787,0.0746871197347644,0.0487881143195199,0.0444271641279745,0.0353119650442264,-0.167483544438091,-0.134065321986283,0.0429245066696476,-0.14079876577591,-0.067205525385249,0.00119473307723496,0.0962035377925381,-0.0923596628135017,0.0694661972784943,0.0334599939163302,0.142172830175661,-0.184568929358728,0.0915268577110973,0.165789892198885,0.0866238627070267,0.00177057068240586,0.0135490473549475,-0.0652898775999339,-0.082583884001308,0.031712051591445,0.0151170087118242,0.0194956841339182,-0.129911309678419,0.0931837772632441,0.0781578128288199,-0.076844876447137,-0.0910026024859928,0.026870841985005,0.00904981527278143,-0.163348841812762,-0.0504491712127235,-0.112608146887646,0.0666509141460985,-0.164918992807362,0.0609360924219408,0.0355185451067579,-0.0552346843917516,-0.0555836245318299,-0.0185721397022158,0.0202905737178935,0.149516064996755,0.077573394004098,-0.00514281643013156,-0.0329077733885354,0.0192433171995912,0.185247794164817,0.0621437040619263,-0.0107504892594566,0.190883999196925,-0.163614774316221,-0.098526606693442,0.000773588673718453,-0.153277917310101,-0.169736731093368,0.204108029696225,0.100561700890777
0.0348138804696213,-0.066346273390273,-0.0142840313607394,-0.0488149834267497,-0.00632886660814027,-0.168431055002221,0.0151753932924236,0.0428143584914326,1,0.0261549319241082,-0.0456598075628256,-0.143776738114172,0.135448181783464,-0.00224340086524786,0.0729907111082936,-0.0300454797345023,-0.0622743650401369,0.0393241512069767,-0.0459640333968138,0.128705025003156,-0.0383270857810584,-0.0194968173674356,-0.00272445080802256,-0.0309181924503168,-0.100850116495444,-0.0640231083718901,0.0395818340715846,0.0712406328244539,0.113421432788991,-0.174786992517461,-0.0561009642703911,0.0407935142341989,0.0938219805047315,0.203358438293219,-0.0968272317807539,-0.0684591686823818,-0.0630379329188726,0.0430947685601691,0.164617053263406,-0.0775796209157672,0.105314212801513,-0.00290415508775479,0.0421960811062938,-0.0535502398023983,0.0384941632123769,-0.00878007478099951,0.0701720919688548,0.135931126350455,-0.0117058950498317,0.110110494754338,-0.0622192548723823,-0.0718683258417041,0.155267336587414,0.19010132109664,0.153003232608311,-0.0392958671913108,0.0966171530220087,0.0596114123659944,-0.053636610990201,0.0391683587555091,0.1593206127405,-0.0595646926171173,0.0373719361647769,0.160594314188403,-0.0316472803393095,0.191455598717536,0.0997503963541279,0.335024514242365,0.124390819118463,0.0339842037536222,-0.110610485561606,0.0215662764522149,-0.0522080602371209,0.185052779993741,0.00620035810480348,-0.165170460106357,0.122537231628857,-0.0283928338846889,0.0439328183386129,0.086283038003209,-0.13154662443131,0.0784994183616514,-0.10733723829373,-0.136564326151245,0.0307043515599781,0.0740269165747398,0.152359398355518,-0.0208077918425194,0.0493762536963802,0.00388491539618048,0.0434679133463114,-0.156291432754294,0.0742030462505755,-0.0334679153371777,0.0550965161743935,0.19121586022403,-0.020857864672921,-0.126500343046632,-0.0468825695782406,-0.0252231192426869
-0.00476748002260324,0.138781016957584,0.0433601087631915,0.041361545102726,-0.0393269613597971,0.049825947293093,0.00873826317880637,0.112756877888012,0.0261549319241082,1,-0.10242402458127,0.080826982629788,0.0728389150599897,0.0974340127459044,-0.20368910717352,0.00423572048238086,0.276927895349985,0.119158400319929,-0.0666910721137674,0.078478556660206,-0.0474524636357447,-0.210628815267603,-0.00955116567652964,0.0264792405533012,0.0162801061832304,-0.0317736903927414,-0.0354783527044734,-0.0373261424923882,-0.223799523229075,0.23074672192692,0.0347389413503608,-0.0266397883444713,0.0340317137597609,0.0181017516210817,-0.211594472930326,0.0385308341108227,-0.21454177785444,-0.0215646005773756,0.0368737596474721,-0.0400970917969364,0.00352226587828369,0.0733263494092972,0.0551640181178952,-0.0357929009919401,-0.0196930359535654,0.0518743034066736,-0.0401053693331413,-0.016765717306401,0.169958973515145,0.0396834045544637,0.0864851531259326,0.0781155820967852,0.0387238855147436,-0.240065236809486,0.0855800496401569,0.122721407437836,-0.154086275799653,0.0119136542574901,-0.0837181238185811,0.00549814634899544,-0.0880675086138057,0.14862716893286,-0.086515703885646,-0.0464585934962523,0.0961201403169174,-0.0802082729666021,0.0914884877554668,0.0870315905627023,0.0753180057053034,0.131828968207014,0.00702859252078351,-0.0417374966922887,0.0904159681616294,0.0101019629578477,0.012403225096526,-0.0659381690588651,-0.00168898211146142,0.0500161314710258,-0.176103283691112,-0.0793584270408519,0.0766072616079218,0.035097344230493,-0.0933855735544107,-0.0674327343393776,-0.00797868147951198,-0.0663596436195888,0.166838494166115,-0.0282850519515147,-0.00630508664197722,0.0407919687612538,0.0969844714229154,-0.0215644616752743,0.115084316984584,-0.0602493227134696,-0.105596148920544,-0.118743025239711,-0.012349150566855,0.124627965515088,-0.0566197609289882,0.158691565107996
0.133518988108311,0.00695295366557118,-0.0477852081772552,-0.0780717355410121,0.0569879200625873,0.0256513810672567,0.107596263094643,0.137851315783663,-0.0456598075628256,-0.10242402458127,1,-0.0649178532598947,-0.174677365177764,-0.00365953347595717,-0.0810481309771238,-0.0268295185199854,-0.181686980062056,0.0720904003742132,0.214149501764251,-0.0354518807933813,-0.0248697027906974,0.229454275515247,0.0933419184839818,0.126858895388435,-0.110227747013002,0.093744797179129,0.157157628990311,0.168849843641478,0.0328758525335819,-0.0531514206631378,-0.123692250885622,-0.031421124122587,0.213667525033813,0.00785036177506276,0.0793209911400478,-0.136554036343483,-0.0144602538308569,-0.0371989048418099,-0.107487604058515,0.00915211666238537,-0.341057210172748,0.0412682210111997,0.0803488949485407,0.167054096689665,0.0877131416185136,-0.00880858509492518,-0.0220703116625546,-0.342898571346347,-0.0344724586124839,0.16328200883839,0.000106695413612767,-0.188663878431485,-0.134721517545547,-0.116408572111251,-0.0220699141514482,-0.0806454777996412,-0.0928121071484272,-0.0124430718339836,-0.155149077576133,0.108756278914416,-0.117376189335621,-0.113023750095786,0.0645808697700097,0.00855971427694624,-0.0736847150918613,0.0345172237677704,-0.110891735018491,0.0484389446508281,0.14559379745582,0.0975208538263413,0.105280832012381,0.0141775328754362,0.17267464450298,-0.114386785360293,0.0178059232670997,0.110581429405539,0.025333623857082,-0.102329274098105,-0.0327870503029042,-0.00846428421057614,0.107055348058782,-0.0288912497290705,0.164373330081883,0.00476180509477163,-0.161960778771465,-0.0264132623780532,-0.185949645582528,0.0110553689282457,-0.0616897132863344,-0.0967703281441217,-0.26949900894699,0.000920057179113378,-0.188119057162887,-0.111168338473767,0.0224672956901262,0.134017914690829,0.0870344348992408,0.0176193002011412,0.0512630022992189,-0.0632301859010216
0.129347292352403,-0.194867129237152,0.0692699973336572,-0.140688261165575,0.0517146980141679,0.0322403512374972,0.0470185469098005,-0.328595247490085,-0.143776738114172,0.080826982629788,-0.0649178532598947,1,0.120369668984133,0.108343559390103,0.191360947233587,-0.0301840943019873,0.0326334130742975,-0.0807972658547425,0.0177562994290746,-0.0525763799695105,0.0729194397501824,-0.158614593587705,-0.0163265222573711,-0.0554547429444475,-0.058639023943914,-0.07217675077367,0.00351261515887452,-0.0683663866241108,-0.0867197546071597,-0.0723642003542678,-0.0719202095882043,0.215311131583629,-0.0143125386676469,-0.0191333369587869,-0.00899839898379467,-0.150838528703299,-0.117207963723206,-0.0194685313030295,0.00631058843961556,-0.0132256855143957,-0.0499166422246165,-0.0691423392012969,-0.0173896268190277,0.116948550871405,0.00746311619918304,-0.0534357815102476,-0.0502495880323123,0.0682464645042447,-0.00391595107481457,-0.0624626693454671,0.0411738502535521,0.0965925971207309,0.16281790383884,-0.0273901451210229,-0.0716467369822365,-0.00594417394090704,-0.0111825940070168,0.000664638919447135,-0.0483643432560853,0.0438351245973059,-0.128976587061576,0.0529442365357175,-0.0458000920924474,-0.122994804708916,0.023400389556647,0.0205429776220837,0.0493139480653295,-0.0649079390625635,-0.0153755787131102,0.136934493126603,0.137719274616546,0.130427310142931,-0.0415209169773439,-0.175448650778441,0.0691630024323724,0.144733868812998,-0.00127373114597553,0.0684841766757068,-0.120296809522719,-0.0272970117650987,0.0163512137207941,0.0329719708867617,-0.00587173647668238,0.062172782439749,-0.126030916012038,0.00582831721990639,0.0450300920317111,-0.165962986449488,0.0155807727061572,-0.103864347476305,0.230904600435965,0.0817745551827137,-0.0877558525268733,-0.0658318852965194,0.0618090737769643,0.00487432578928552,0.128481260540768,0.229797260635378,0.0392819325200597,-0.11651259007685
-0.106272696693078,-0.0269403146553839,0.0974604638073831,0.0632042819767233,0.0885154513228942,-0.193045638696489,-0.0950771188953515,0.085916009775198,0.135448181783464,0.0728389150599897,-0.174677365177764,0.120369668984133,1,0.123558709102117,0.2571207405436,-0.164909719431111,0.00837153368445466,-0.0380549550605866,0.0646294944568941,0.172905310435227,0.0876240947566906,-0.198418165653461,-0.0505294102006334,-0.0427520292190353,0.00811006272968563,-0.0566490531883872,-0.0602253807438409,-0.161122217741944,0.0235187284236506,-0.0909566640694634,0.155179089782467,-0.0951181674380641,-0.0218834896056784,-0.128219882277319,0.0099870975454206,0.0337958381345979,-0.0251285704906244,-0.102722228912735,-0.00352333197516529,-0.0218081268516592,0.0876476186760821,0.00906563796595774,-0.0242244898206442,-0.202871726987786,-0.0261866891211772,0.0450217713863467,0.119095209654381,0.107543915169571,-0.00478370285532574,0.0315391003458141,0.149412246497787,-0.00623046620697895,0.148093870819381,0.09899174921413,0.029596442491229,-0.0573445790488521,0.205018113527038,-0.000847762417448279,-0.11175178140442,-0.134400130993688,-0.110298750877563,0.0014006249115275,-0.0973377867007365,0.192923928945942,0.213222597000689,-0.0148661266837254,-0.0124276521512101,0.0533801725700097,-0.0726640439811915,-0.128579754366951,-0.0858758000940049,0.177241202987659,-0.142950381689299,-0.0793397136616544,-0.0911776417601258,-0.134071988937127,0.132122393840002,-0.1109905885985,-0.102208727084019,-0.090262983410316,-0.0106476232058042,-0.0402589591215625,0.0630014813377594,-0.198687326364428,0.0294814165885278,-0.046912995020981,0.0303564987879484,-0.139548064084525,-0.110319376359665,0.130922013945692,0.0679453649866518,-0.0543446030949898,0.222300457178275,-0.0394097648254041,-0.174904270949491,-0.0571973028244223,0.0572770236851183,-0.158816892257864,0.0132957724761437,0.010603050194755
0.0377168564842124,0.00382371956349177,0.0432262803761551,0.0272199063269528,-0.140634013119305,-0.0102989484817012,-0.0938854945543643,0.0409060529864568,-0.00224340086524786,0.0974340127459044,-0.00365953347595717,0.108343559390103,0.123558709102117,1,0.0474795291321994,0.0677405753147867,0.143994357196894,-0.106209805681362,0.0675175645875185,0.223404535984306,0.122203764445953,0.020031702056102,-0.00963452431693175,-0.151682793034934,0.0212870300370821,-0.0436179681760236,0.0470206036632487,-0.0610527397708683,-0.139978395590627,0.00463179053354843,0.157128214007761,-0.0407864510916031,-0.129227350930134,0.0769056416547417,-0.101748873419045,0.100149432715593,-0.0268767632204299,-0.0237587955289185,0.135470472235891,-0.073731429800602,0.174966173241975,-0.0879814787303237,0.146871034972114,-0.0841345488638079,0.14753367873033,-0.0317966402619364,0.10927098347088,-0.0384842834079236,-0.203910180383788,0.192909758767119,0.0524170382540804,0.0692203801258343,0.0217901499212119,-0.0839888008301992,-0.0353184024325724,0.00931972034660832,-0.0871621871505016,-0.0155481792579388,-0.0162119268252765,0.105628885315589,0.0643967525563036,-0.0458300153443792,-0.14003057620502,0.0310942265670914,0.22681086301685,0.0775040949969348,-0.0453069477569055,0.0627412360052327,0.228960327988859,-0.0671396491949171,-0.0241835711902734,0.0210538452498438,0.188666900263904,0.0123562352058782,0.0559338439014283,0.00649748248188608,-0.0922542056486048,-0.0493137002251137,-0.0632646950519762,-0.159158956935994,-0.00793684280700083,0.0374679127415375,-0.0413929575354691,-0.136327469833677,-0.199744548686558,-0.0270614626096354,0.185388294383889,0.0709518179126553,-0.103159928750116,0.0421070133661244,0.179387333665241,0.0584485621289465,-0.040849060042223,0.16216380616214,-0.0057454378315269,-0.0571177533015352,-0.113313625006226,-0.0477789051190876,-0.0035375173705626,-0.113042198806034
-0.0548469571250513,-0.160105915392483,0.127901601020227,0.065996354305662,-0.0830670077859389,-0.258247558968868,0.0895331738457674,-0.0591315418272742,0.0729907111082936,-0.20368910717352,-0.0810481309771238,0.191360947233587,0.2571207405436,0.0474795291321994,1,0.0768584761455483,-0.101670806068296,-0.0533684812550209,0.0182237088148865,0.0580330106310732,0.0212447288108081,-0.181701327413004,0.0863003717221416,-0.0650587542809069,0.0115254023012114,-0.0184625521171583,0.0144199702406143,0.00176776196043325,0.192879028439838,-0.0438140599928662,0.103677579244668,-0.118979082570599,-0.0706615018677169,-0.233917852862547,0.141101862950083,-0.0755521396332545,-0.107852023463727,-0.0983605241473087,-0.0433450664863447,0.0471112855751716,0.119711110302733,-0.0563603148895612,-0.037521834746176,0.0260010502911457,0.141668747369403,0.134767636335099,0.114478099321701,-0.118885165514781,0.00623422317354472,-0.155322081018239,0.0872090112113088,-0.0190041211765312,0.0733857192621737,0.0594223305155834,0.0873569526111157,-0.0781410318680677,0.000907099613891046,-0.120475065203938,0.172494414292347,-0.063992755666361,0.0524944418160585,-0.0914163185589327,0.0866542363957387,0.179361219301416,0.0711822273919488,0.0727601634451445,-0.13425272772395,0.0481313228322608,-0.157411423310189,-0.0534175606812346,0.214771324107923,0.0890903981226253,-0.110296538586505,-0.0448183058974063,-0.0745008671957608,0.143812660349527,0.127563481472444,0.15421968408426,0.112704297326398,0.100365584630161,-0.0619435266417143,0.00563825236871716,0.054727983960941,-0.00215246472832911,0.062118782870143,0.0404136007997474,0.13258739743353,-0.057086480021645,-0.0481205133684582,0.0617541627236251,0.0100354462484268,0.0603492539968764,-0.202651290187961,-0.0448101853215216,0.0892923519517775,-0.00406957857281977,0.0521002644466703,0.0104838103020835,0.0197865463912252,0.0757178723574293
0.110882488716924,-0.148518466992057,0.00374434247987923,0.0294388446102117,-0.0848819618895525,0.0133028930760963,-0.0955860098872289,0.0560570348982117,-0.0300454797345023,0.00423572048238086,-0.0268295185199854,-0.0301840943019873,-0.164909719431111,0.0677405753147867,0.0768584761455483,1,-0.127056721541139,-0.156694975960495,0.00569792624290502,0.119241576417901,-0.0312476993821801,-0.0421770077814094,0.11059821649166,-0.0879903350153797,-0.00349052556386177,-0.178480811684857,0.087413230995878,-0.0470464506003815,0.0102649545301193,0.0671150701447962,-0.122489571875446,-0.0159159130055158,-0.00758833197841776,-0.090355781132159,-0.0123112301131585,-0.0632559212838848,-0.100679745765345,-0.0662768521574429,0.00354574673157627,0.0236583294943946,-0.0586030318976146,-0.0228730522183237,-0.0814809049736074,0.16548840654158,0.0136929644998474,-0.0588412470334,-0.0532786898691172,-0.0876375998510696,-0.085104409199512,0.0938237165633794,-0.165373549477018,-0.108571174265888,-0.149026492328227,0.0640871045810352,0.0142196625895841,0.192322511193814,-0.0160508929311247,-0.0269286696448765,-0.0472641149223816,-0.00302857000345788,-0.0298298095332818,0.125566720342765,0.219054025820034,0.00301761514622012,-0.0243360162509047,-0.0211298674536395,-0.0242306084953646,0.12089243393605,0.0778511144117526,-0.0778291498828012,0.120877608195999,-0.0477732193343591,0.0964358159125891,0.125781311798014,-0.11938260772278,-0.018415919830284,-0.0372694773106683,-0.0440216201357701,0.108075170403446,0.0473621892915105,-0.185691615365265,0.0525432575364771,-0.0969113583857907,0.0407884487800465,-0.0335267840514536,0.144101452103545,0.140939519875047,0.0699963359092895,0.132582948028679,-0.158374531731053,-0.0762142602891145,0.213310138923549,-0.0950809519118767,0.156021695169691,0.00239372172745897,-0.0835748548960687,-0.0790538320428918,0.0104287485383988,0.0746333614477345,0.112433985164471
-0.129679099843926,0.015523582319486,-0.257869293908301,0.11743203582273,0.0551188882289156,-0.00406281142797263,-0.113352247783268,-0.14818055992957,-0.0622743650401369,0.276927895349985,-0.181686980062056,0.0326334130742975,0.00837153368445466,0.143994357196894,-0.101670806068296,-0.127056721541139,1,0.00333487020643192,-0.00695489413413103,0.0585334758847191,-0.0803438897923493,-0.0154687465140912,0.0527935807217022,-0.0291756867461538,0.0907425040141708,0.104921417976121,0.106312552435677,0.000793011303155632,-0.0554587114775454,0.152009640186589,0.0598277204865992,0.0345265670871228,-0.00248099087846553,0.0512682012820795,-0.156964522412228,0.140664191627851,0.00637848906092087,-0.00202738720901465,0.123995065126315,0.0990018849815922,0.103445684703861,-0.0742447932956865,0.115719271402702,0.0744778619846355,-0.121686138716532,0.184933211415248,0.0140982728869503,0.153306778950224,-0.0673091253485203,0.0436653984532535,0.208892348507899,0.238662834193584,0.0363724990359094,-0.127693229164903,-0.132301782151918,0.31211380582972,0.0291589135915926,-0.127611276694452,-0.0412293461891667,-0.0498027827274993,0.0144384551630767,0.165276165890426,-0.053110165809577,-0.0305470776297512,-0.0524782827171824,-0.0500997965243109,0.0759884458360817,-0.0185840261282071,0.0281721449084728,0.0367399313672034,-0.0416260520675113,-0.203683849959989,-0.0510172704029454,0.0930506746793538,-0.00549279266576465,0.0546966687968356,-0.00844214796280128,-0.0164774723705609,-0.0526617366414127,-0.0725019444296218,0.17344585854129,0.0439551457644395,-0.214310425133772,0.0459385635311461,0.048470117330396,-0.161266537050225,0.109987395869103,-0.0691822717326011,-0.028555241940629,-0.0616143831712878,-0.0794195162654419,0.0204987965418642,-0.0456600708648708,0.157843770470225,-0.00370705424022854,-0.127015269935366,-0.1414044380706,-0.0331583846396602,-0.00233062552551031,0.107303357360937
-0.0894610512022166,-0.0112985295586236,0.0368760754480165,-0.121322999247754,-0.0127609243563203,0.185312007078795,0.0777669587308265,0.089033668094709,0.0393241512069767,0.119158400319929,0.0720904003742132,-0.0807972658547425,-0.0380549550605866,-0.106209805681362,-0.0533684812550209,-0.156694975960495,0.00333487020643192,1,0.125729128806897,-0.0206288482925477,-0.04967555149982,-0.0453064280053587,0.0646361428851364,0.0105837323378674,-0.0759713603304174,0.06331560501535,-0.113516359528212,-0.0747438492250056,0.0390739391043951,0.0376942695530648,-0.00937137901408266,-0.0424422402068187,-7.04757019914703e-05,-0.0180656188558722,0.0476968579472602,0.0133069420122385,0.229444698088092,-0.112127941530471,0.0240135194571533,0.0511320810335137,0.00264406756936963,0.150630214088535,0.00899012807355854,0.133442984923034,-0.0339044497513922,-0.121699894396247,-0.0699194368798125,-0.105460243526994,0.132420339695534,0.0175503197708294,0.145578369055664,0.167443399738983,-0.0551248722077571,-0.225490968156586,-0.0750712231789468,0.0320563200659737,-0.0495385579757766,-0.129507405375275,-0.0786063514482038,0.0121929653530385,0.0133536886404883,-0.183813237565421,-0.052573932602542,0.083588556543347,0.148338873247213,0.0094804757302498,0.0262426358511374,-0.0781371875485954,0.0640115916086733,0.0368304253360045,0.0420978003656732,0.0426214357436897,0.136718053171516,-0.011976089123923,-0.00769133582533526,-0.049706174271033,0.123445567440399,-0.0199926595973259,-0.0454456651563057,0.0885465346702885,0.120254882491815,0.0388835647165829,0.0689999202290339,0.0471007258984158,0.0502680380951179,0.0700253488295063,0.136378251619574,0.0445945157689888,-0.0544589798035297,0.0376249381046805,-0.00485760162944158,0.0125791471040469,0.0436184921413041,0.0229704455086025,-0.105016422680526,0.0446093397117091,-0.0701236988719335,0.120625352591455,-0.0962995194269783,-0.102904528493012
-0.0351466066328919,0.0853001563488287,-0.01282421977728,-0.279120429308877,0.0648073461376618,-0.0706561457520635,-0.0225428473837363,0.0528250644754451,-0.0459640333968138,-0.0666910721137674,0.214149501764251,0.0177562994290746,0.0646294944568941,0.0675175645875185,0.0182237088148865,0.00569792624290502,-0.00695489413413103,0.125729128806897,1,-0.0914003614038332,-0.135728868034615,0.00654879427901388,-0.0954603250635643,0.15805974025818,-0.0792489264561842,-0.0953033339602555,-0.180703274650167,-0.0192215631029166,0.0751652017433196,0.0199780770284816,-0.149070381115433,-0.0556657222712061,0.0626106170379301,0.0217611917833696,-0.0955039727886279,0.0187739051066998,0.0537356053480222,0.0840103205467619,0.143248261678563,-0.150179561710151,-0.240035637604842,-0.0866036592550334,0.275757362121971,0.154994511730118,0.17763812531437,0.0208163926227893,0.00153295891427345,-0.0476501637591102,0.0473856469603444,0.11490229929177,-0.160895119078633,0.256069165695552,0.0166730671729461,0.0361197999716299,0.0672572530784045,-0.0154445799983225,0.141022232050113,-0.14428377000818,-0.0821887203613252,0.0974066423453029,-0.108327858108519,-0.00873041441741352,-0.0196871362495637,-0.0658629152116049,0.0441409341593679,-0.0673668049079437,0.0456490464170086,0.0424391238822618,-0.0781071370212957,0.0462504526086939,-0.00902924611990438,0.178433202810936,0.0104664233051334,0.0457869126018899,-0.0905065788123463,-0.119154732902697,0.0830001807218495,0.0363777034863666,0.055109054302849,-0.122926169385152,0.152485401499414,0.0287943698266378,0.0130398113794715,-0.0558151160455181,-0.106304268596778,-0.0040344420498899,0.0849288852150239,-0.0369710335227345,-0.0638136381257501,-0.117850415833784,0.0854670996789738,0.0395130556161508,-0.192061960224083,0.0127217117694409,0.0749179834632594,0.0638665012462521,0.0906605614155785,0.0862364867491136,-0.124243847506252,0.0438756960708171
-0.0101384985113089,-0.0177044244063656,-0.0456308724305643,0.171026355625984,-0.0501643013105721,-0.122744473482769,0.00642564221253929,0.0848910341680474,0.128705025003156,0.078478556660206,-0.0354518807933813,-0.0525763799695105,0.172905310435227,0.223404535984306,0.0580330106310732,0.119241576417901,0.0585334758847191,-0.0206288482925477,-0.0914003614038332,1,0.202851205037067,0.0180953483664541,0.114415260954604,-0.171833455325333,0.0821610747737556,-0.091424363709097,0.0674161194096923,-0.076255597190932,-0.0441767833939085,-0.118988001850995,0.121029575560438,-0.151279454002855,0.15129630322938,0.150575075340928,0.0564788841587335,0.125233540916594,-0.178717991456858,0.0227275911510675,0.111776122908059,-0.00596631632590873,0.108949074237488,0.150073806285071,0.0528713297416424,-0.090439096951167,0.0222779630495335,-0.0558965086105833,0.0197947605485,0.0170567589697779,0.021570166036325,-0.0842879603454101,-0.147018726617783,-0.028178972729832,-0.0372147530625915,0.128603065176445,0.0507139077673993,0.167257531804815,0.198479958108103,0.0060131000624299,0.0225571835622618,-0.200867644653055,0.112500363137183,-0.0562799859978069,0.108252762753501,0.00823941810736957,0.167650549708441,-0.0238206600354537,-0.0592125713581313,0.128458025577137,0.0225694243973987,-0.0300642685756316,-0.0358907820307867,-0.0893033994517087,-0.147266215672084,0.0619375314133063,-0.235428573979021,-0.0430994555586737,0.042749590336582,-0.0675140010852236,0.0127579520414733,0.0987277275372047,-0.0925416366642508,-0.00370845861464346,0.188049311303933,0.0301348364003739,0.104020812667387,0.0864158109859477,0.0246248933666974,-0.055121494752293,-0.14797809154741,-0.00347302044720165,-0.028873300723721,0.0242292388089821,0.145724317249116,0.336384001549153,-0.136022942514049,-0.0673300940611252,-0.0640774069804146,-0.121503780542215,0.131223218048761,0.0533629839203616
